edge_id (sampled):
802519
984021
1078549
1391716
1528308
1789847
2528469
3014178
3079175
3335836
64400955
71150541
71695051
75089832
77101222
78270182
82270085
95938901
103502698
117442987
edge_id size: torch.Size([51430500])
row (sampled):
4724
5742
6236
8076
8876
10361
14726
17543
17927
19495
929659
1102573
1116495
1203866
1255071
1284967
1387647
1739318
1931004
2288068
row size: torch.Size([51430500])
col (sampled):
5
5
5
5
5
5
5
5
5
5
2449026
2449026
2449026
2449026
2449026
2449026
2449026
2449026
2449026
2449026
col size: torch.Size([51430500])
size: (2449029, 2449029)
