edge_id (sampled):
60536
398416
1305690
1684014
2499392
3270257
3509407
3967820
4491752
4664419
66685923
67024563
67496756
67991618
78393857
87695889
94941509
97830628
100855350
122987928
edge_id size: torch.Size([72287652])
row (sampled):
384
2412
7554
9796
14553
19089
20518
23158
26151
27145
987959
996764
1009042
1021259
1288178
1526411
1713521
1787657
1864057
2430488
row size: torch.Size([72287652])
col (sampled):
0
0
0
0
0
0
0
0
0
0
2449028
2449028
2449028
2449028
2449028
2449028
2449028
2449028
2449028
2449028
col size: torch.Size([72287652])
size: (2449029, 2449029)
